-16.138544
-15.296194
-15.137019
-15.350884
-15.544814
-15.359102
-14.900628
-15.228728
-15.500734
-14.098566
-14.325791
-16.142758
-16.043577
-15.987295
-12.368140
-15.156826
-15.469740
-15.396592
-15.418724
-15.965309
-16.204882
-16.539299
-15.974249
-16.054327
-15.940590
-15.937002
-16.334926
-7.009198
-14.689137
-15.497365
-4.109829
-2.444600
-6.870555
-13.615192
-15.445677
-16.005680
-16.215941
-16.156478
-13.077767
-13.855942
-14.938643
-15.421191
-15.523788
-15.985750
-16.028198
-16.042126
-16.015582
-15.815625
-15.838102
-15.896868
-16.179210
-10.252672
-15.234924
-16.039257
-16.830333
-16.862621
-16.551646
-16.396605
-16.806115
-16.512301
-16.673201
-16.569773
-17.004515
-17.037057
-7.674021
-13.058253
1.302322
2.196544
-7.858795
-1.917777
12.255331
12.775050
-4.193668
-12.286013
-15.078861
-16.307004
-16.511190
-16.639514
15.972779
19.009370
17.246079
22.296240
21.932120
19.935421
18.660166
20.086562
15.358845
18.317612
16.718049
19.014804
20.366966
23.157082
22.144718
20.983458
21.016802
22.464866
22.065323
20.540100
20.941595
20.889579
20.188572
25.844174
24.305636
23.092930
21.409390
17.253758
21.011167
21.839958
21.169195
20.601995
19.877268
24.873227
18.778444
18.727872
18.254142
20.118731
19.509007
17.900732
15.275979
14.483882
15.444818
16.504845
18.677531
18.474603
16.910807
13.972690
17.688132
22.290907
21.455427
21.465772
26.523066
25.907509
18.777874
17.924156
34.863141
27.714279
33.263921
31.895288
29.232897
25.452891
27.884828
23.091439
19.726064
20.891043
26.931879
28.576612
22.814641
18.390421
18.038152
17.478646
9.873458
8.349137
10.109130
13.800420
12.574033
11.874465
10.154594
9.798509
10.480877
9.581542
12.165228
11.947067
7.898614
9.174381
8.284463
6.024492
6.571679
8.800461
10.620676
12.760069
12.072399
8.912877
9.529368
11.532330
7.865364
9.910400
-14.358518
-13.658784
-14.360558
-13.192442
-12.632627
-14.163094
-15.312361
-15.381292
-14.549586
-14.623953
-15.441059
-15.077847
-15.241459
-14.900301
-11.198552
-14.559789
-15.854103
-15.741330
-16.108347
-16.548064
-16.179494
-16.173870
-16.093767
-15.279731
-15.338335
-15.522039
-11.666086
-14.306356
-15.242765
-15.691093
-16.338589
-16.415208
-16.367939
-16.349794
-16.208978
-15.942341
-16.218379
-11.881601
-13.944694
-16.209963
-16.811709
-16.817508
-16.626357
-16.197219
-16.488050
-16.671142
-16.371826
-16.525532
-16.523500
-10.844753
-14.041959
-14.736047
-15.960864
-15.918386
-15.899022
-16.078533
-16.576132
-16.401417
-16.535817
-16.538751
-14.383634
5.721207
-1.939940
-12.022093
-11.376360
-11.927157
-14.856277
-15.315139
-15.785808
-13.055451
-12.845624
-12.802062
13.512352
16.812735
17.585171
17.866001
17.972882
17.111921
18.843266
17.011378
16.599009
20.868459
19.104562
16.022974
17.475065
19.301792
19.330591
21.048823
21.049951
18.740100
18.259372
24.277391
26.530017
24.528874
20.560479
23.766526
23.319859
23.048399
19.781795
17.804685
17.213223
21.418528
20.386755
16.680067
17.532853
16.804603
19.677580
20.988965
18.934526
17.267090
17.890068
21.106621
25.158991
27.991111
25.792867
22.023200
25.936009
26.500037
18.598764
18.516595
12.052808
18.849841
24.969427
33.243011
25.567118
19.023394
20.555101
8.996878
9.337921
13.138746
12.942467
11.301445
12.925511
12.700791
11.791641
10.719967
11.575502
9.740764
12.856502
16.405112
12.432077
12.472812
13.339990
12.212768
9.787660
8.874028
8.385263
13.705461
13.932246
10.507874
11.891896
12.686850
12.068561
10.855138
19.655996
23.477531
26.768122
26.932686
21.408126
23.515580
25.410736
23.449204
19.028069
27.222587
27.542268
20.350072
20.513227
27.155548
28.327535
22.103288
24.353422
-3.579125
-11.751294
-14.104257
-13.128196
-10.815125
-9.001702
-8.296147
-8.845051
-8.025568
-7.200625
-7.312860
-8.266758
-10.918454
-9.474043
-8.574763
-9.531557
-9.533135
-12.503138
-13.828318
-14.863428
-13.979324
-12.626143
-12.531828
-13.922882
-15.308753
-15.667138
-15.769644
-15.962133
-15.937077
-15.862042
-13.124367
-7.842887
-12.525920
-13.749493
-14.373693
-15.039253
-13.650601
-7.845199
-6.640831
-6.545311
-13.840412
-14.392751
-14.264371
-8.685563
-12.640382
-13.979395
-14.937482
-15.294345
-15.105842
-15.667699
-14.926987
-13.796400
-14.213231
-15.776625
-15.759603
-16.007689
-16.031041
-10.033532
-13.485936
-13.999991
-15.541586
-15.457003
-15.241773
-14.716285
-13.582112
-13.092487
-13.405917
-13.888581
-14.826633
-14.252914
-12.441300
-12.535417
-14.744942
-16.141069
-16.513480
-16.523408
-17.011255
-17.061666
-16.614078
-16.561976
-16.355695
-16.329771
-15.978582
-16.018629
-16.421830
-16.514516
-16.454403
4.584631
4.856241
7.585997
9.888118
10.266713
10.543003
12.643315
10.834990
10.374186
12.396617
12.858629
9.727435
8.047346
10.247830
11.920893
10.764257
3.998869
5.093241
7.422653
11.467275
16.088027
15.302162
12.984696
10.395902
14.770247
16.318736
15.612507
12.098960
11.667648
12.170898
11.669304
10.730978
13.193741
12.941802
12.070327
12.983293
12.949707
12.862360
10.581129
17.165737
20.831984
20.832739
16.416755
14.671111
18.162049
18.189997
22.881089
32.597552
26.800255
24.878317
21.934699
24.132421
31.946242
38.075683
3.885043
3.895587
5.225468
6.096349
7.702982
5.985146
4.819972
5.918924
4.652298
10.495968
9.766555
13.120097
14.532487
9.128107
10.231210
11.228586
9.051144
8.286267
8.186869
9.222565
11.412863
10.345299
9.298039
11.391737
11.163844
11.824657
12.444299
13.458820
12.850623
13.522332
11.558551
11.876382
13.189054
14.973083
-8.362102
-11.623092
-11.605766
-12.158906
-11.505961
-11.430002
-12.946546
-15.469593
-14.932448
-14.289529
-14.927923
-15.631158
-15.902454
-15.461486
-4.561181
-7.228446
-7.097335
-8.330605
-11.700150
-9.304865
-8.409565
-10.153718
-11.605085
-10.515409
-10.752296
-11.835519
-12.561115
-14.480707
-13.326990
-12.872612
-6.106618
-11.886381
-13.699065
-15.456170
-16.050211
-16.136231
-15.570869
-14.561470
-14.997300
-15.838641
-14.594665
-14.042540
5.598912
-5.508200
-9.858941
-10.761318
-12.085084
-14.580757
-15.570336
-15.410907
-14.697038
-14.446634
-14.172743
-9.851841
-9.370521
-8.951539
-8.346526
-13.790613
-15.101426
-15.476200
-15.837973
-16.515715
-16.798315
-16.797106
-15.395223
-12.904569
-12.846927
-11.437471
-11.162798
-12.334712
-13.470354
-13.298489
-11.643149
-12.057793
-12.432302
-16.004695
-16.131444
-16.600659
-16.812581
-16.422631
-15.640114
-15.922556
-16.134398
-16.091397
-16.637631
-13.980510
-13.247141
-14.823690
13.200973
18.311758
18.162692
13.607581
14.370167
16.039609
14.387787
12.595410
13.533404
13.822843
15.579375
14.720121
13.986821
11.061848
13.056854
12.928244
13.800930
15.077146
14.014576
14.152845
14.784842
15.403410
17.552515
12.691381
11.556843
11.486285
11.007879
11.908900
9.811970
17.623001
17.803033
13.727819
15.869383
15.250521
12.437411
11.456616
10.899858
9.478128
15.037048
15.394992
15.816826
14.587424
14.244185
14.929369
17.026094
16.747899
16.226152
21.804030
21.513400
18.574318
16.525799
18.880382
21.683308
6.653764
5.467963
6.368044
9.553115
10.189282
8.523911
9.788028
8.190443
6.731636
8.554741
10.851781
11.678373
9.770731
9.128205
10.618732
11.680308
9.197432
11.024385
9.198974
7.619818
9.714951
7.345621
7.225753
9.492828
6.737281
-4.844011
-9.869613
-5.634384
-6.005637
-8.414782
-11.277516
-12.812769
-13.223529
-12.794103
-10.589249
-7.376541
-8.566243
-13.072793
-13.812373
-15.692086
-3.994817
-9.774682
-10.124849
-9.790083
-11.671606
-11.591291
-12.103568
-15.002508
-15.212460
-15.409455
-15.534147
-14.949424
-15.177095
-4.818157
-8.250724
-8.466044
-13.630766
-14.871164
-14.607784
-12.225572
-11.718763
-12.580225
-14.515598
-12.208535
-6.975738
-10.474583
-12.270106
-12.524735
-12.359364
-11.480565
-11.760963
-13.894643
-14.218652
-14.967510
-14.414263
-10.391532
-8.643394
-12.090272
-13.102669
-13.122425
-14.123562
-15.482015
-15.705528
-16.144713
-16.042842
-16.026491
-15.849988
-16.016937
-16.193523
-14.789863
-8.340601
-13.783677
-14.988202
-15.178159
-15.987045
-16.256429
-15.622711
-15.364241
-15.529338
-15.317052
-15.855662
-15.911343
-15.702104
-14.895507
10.969439
10.442571
11.983577
12.733279
13.870465
11.134216
6.704530
7.583015
8.818479
11.257070
14.102966
15.775222
11.391271
9.852529
9.174038
12.828992
13.854928
12.409841
12.283673
10.794863
10.043943
9.569222
9.587333
12.241358
13.295877
10.778106
12.296369
12.344090
11.266463
11.521460
25.127915
21.865062
18.348567
19.499305
16.581330
21.335173
23.289800
19.346224
19.071752
17.476333
15.325092
18.551813
17.824253
18.036402
22.643514
20.244100
16.742782
21.216134
17.845232
18.320261
22.630236
31.007281
30.996562
17.023424
17.686457
14.354898
11.549313
14.437212
14.580589
13.991734
14.164206
13.666213
11.596517
9.304856
17.795029
15.456991
16.596493
16.082582
15.223600
18.314639
16.827140
13.408864
16.220113
14.060478
14.672034
16.257160
18.883274
20.114442
17.283243
16.597347
-5.251160
-9.526698
-10.336725
-9.045547
-11.535802
-12.587813
-13.239557
-13.736557
-13.421578
-14.170090
-14.880712
-15.060733
-15.414184
-15.305925
-3.881961
-8.314708
-10.583124
-12.031034
-12.213727
-12.052425
-13.050855
-14.812072
-14.942412
-9.424930
-10.783919
-13.746980
-14.128495
-7.131923
-11.613381
-11.888316
-13.927193
-14.582216
-14.691387
-14.499132
-14.827738
-15.792727
-15.555847
-14.982922
-14.962211
-8.368138
-12.113911
-10.930003
-11.157071
-13.855159
-15.167985
-15.138900
-14.729719
-15.353395
-15.026978
-11.172207
-13.986506
-14.978493
-15.584966
-16.147133
-16.112198
-16.252564
-15.520493
-15.261315
-15.512767
-15.254520
-15.139325
-11.554383
-13.862656
-14.788541
-15.690155
-16.155821
-15.834915
-15.774819
-16.102584
-15.735567
-15.450130
-14.655954
-14.643899
13.442393
17.144885
16.848136
18.009131
17.902211
13.586333
13.097883
13.614858
13.876401
15.338064
16.988640
16.540213
16.781243
21.844006
21.861027
22.285975
18.448374
20.005714
19.245505
16.531332
17.601510
16.359367
15.195885
15.625684
13.457950
15.441801
19.232658
20.738550
22.343407
21.743976
27.296883
27.591627
21.405375
24.406489
28.997603
28.443728
28.665958
30.660628
24.615134
25.725489
22.856140
24.254454
26.919381
25.813850
26.096570
24.191354
18.577096
18.318146
17.422350
15.915689
18.660205
20.964593
16.790625
17.245546
14.904307
12.842421
16.565577
17.036100
17.523482
18.957510
18.239897
16.900974
14.231395
15.231377
20.048750
21.147409
18.593187
15.821240
19.320709
19.767206
-10.453904
-12.872819
-13.656605
-14.176937
-14.224564
-13.730032
-13.325061
-13.675196
-14.373335
-15.093154
-15.515369
-15.900170
-13.059188
-9.213660
-10.944250
-12.918232
-14.154721
-14.242599
-10.802351
-10.033534
-10.875254
-11.640872
-12.164215
-14.132506
-13.247968
-13.363285
-13.867671
-13.743569
-12.700306
-13.074671
-9.517925
-14.931754
-12.598569
-12.231244
-13.311230
-14.182356
-14.240474
-14.360008
-12.643767
-12.088088
-12.844863
-13.332724
-14.213777
-13.959687
-12.098278
-7.960382
-11.358983
-12.656713
-14.339906
-5.257557
-4.730612
-9.026399
-12.781316
-13.622756
-14.952095
-15.390674
-15.094404
-14.359718
-14.573016
-6.924342
-10.257316
-11.162415
-11.311152
-13.812001
-14.079998
-13.983386
-14.565437
-14.154903
-13.545628
-13.930834
-15.203509
-15.216466
-2.047569
-11.360628
-12.701900
-13.579444
-14.718238
-14.824947
-14.817015
-15.557757
-13.803937
-13.606548
-14.318856
-14.794616
-13.750328
-12.327762
-12.162748
9.691946
14.588559
14.837215
12.224472
11.147167
9.294185
9.375380
11.102698
13.026531
13.471531
13.289983
12.730007
17.041646
17.211805
16.300004
9.249342
12.030922
14.422112
14.768261
15.745418
18.822957
18.448616
13.857252
12.793867
15.568532
16.174103
14.256693
13.697668
12.396964
16.597991
21.996376
24.005774
27.241939
34.107324
36.866047
29.376539
25.944226
29.777317
30.643185
25.425554
25.193476
30.852118
31.319303
21.304037
27.744141
28.097735
26.168930
27.054043
27.742155
27.478007
26.032046
23.237605
24.722424
12.956443
10.596280
12.768411
13.835835
15.646243
16.581658
16.323377
14.643790
18.040201
11.583673
15.280904
19.459247
17.477924
17.123403
15.254767
15.674624
12.627410
17.177107
14.985056
14.297835
17.679917
17.336050
15.352022
18.806641
18.433150
14.850350
-7.494552
-10.343941
-11.629416
-11.856938
-8.023232
-5.438405
-5.906726
-8.886307
-12.534054
-12.805860
-14.048374
-13.903753
-13.569222
-13.888551
-9.448630
-8.492062
-9.235175
-13.093170
-12.687841
-13.408077
-13.898503
-14.557601
-14.419022
-14.783275
-14.734813
-14.956590
-10.618269
-5.703093
-11.556939
-8.334324
-8.780683
-12.746678
-12.821808
-13.190744
-14.563967
-14.634906
-13.875649
-13.848763
-9.100706
-10.553899
-11.015246
-11.393009
-12.375146
-12.554270
-12.033297
-12.685299
-13.800785
-13.140314
-12.177864
-12.654603
-14.009002
-13.925358
-13.802354
6.417099
-3.441383
-9.499314
-14.417052
-14.974255
-14.251950
-14.809022
-14.945728
-14.523616
-14.685285
-14.085714
-14.308318
-14.792380
-13.106368
-6.412945
-10.287620
-11.401324
-11.613381
-13.460434
-14.603031
-14.183089
-14.543858
-13.442204
-13.633003
-14.577049
-14.904079
-15.273095
-15.004785
-13.430400
23.630872
24.218668
23.802584
24.713924
29.105952
28.871908
21.141067
18.787553
21.002487
23.559931
22.114932
17.662260
21.114860
25.378021
22.380970
24.110803
20.296376
23.372214
24.761420
26.503748
27.380240
28.290286
26.681714
21.557337
22.611583
25.205130
25.349221
24.930131
44.687062
40.989667
46.074555
42.329319
49.253313
54.313005
45.654321
43.679460
57.474691
46.762479
44.019763
42.752347
40.451709
41.658335
37.060313
34.650251
34.731942
39.000295
38.524131
35.732588
49.694360
45.818021
37.024173
43.968609
21.328507
21.184142
24.166715
23.993954
21.859189
25.337325
23.666447
20.340374
20.450623
20.407702
22.580612
27.477700
27.530769
22.929475
28.797213
27.452798
18.509482
23.163448
29.580265
31.720704
26.808597
31.190915
31.221732
23.220428
19.263844
-9.465274
-12.502972
-13.459921
-14.159748
-14.774891
-14.133441
-12.202696
-12.125689
-14.026659
-14.958711
-13.960687
-13.525410
-14.094678
-15.323137
-11.978942
-10.525975
-13.006532
-13.416156
-13.839228
-14.231114
-13.985097
-14.005562
-13.012683
-12.677973
-12.217068
-12.103179
-13.172410
-13.267386
-2.860618
-14.179090
-12.820902
-11.802805
-11.549548
-9.827600
-10.021894
-13.121514
-15.024012
-15.718554
-15.676384
-15.521702
-2.893611
-9.862502
-10.811195
-11.558036
-11.947928
-14.984757
-15.563568
-15.145849
-15.383990
-15.745618
-15.993784
-16.290395
-16.096078
-14.080213
2.557345
-13.671961
-14.542045
-15.278949
-15.235816
-15.285428
-15.456003
-15.130320
-14.934432
-14.658896
-14.760029
-15.776251
-16.217756
-10.130615
-6.430869
-13.649946
-14.280183
-14.799598
-15.214323
-14.707279
-14.512495
-15.274437
-12.844170
-11.935106
-13.106619
-14.002757
-14.197735
2.463727
10.281579
13.456480
14.740545
14.513586
15.668226
19.120457
18.409962
16.973280
16.125186
16.432238
23.336904
24.365516
20.973337
18.291577
15.232464
20.172340
21.094799
18.831442
18.906889
19.414417
19.139362
19.596780
20.411505
21.087020
23.974750
24.164459
20.096848
19.156396
9.381733
10.983076
9.738625
20.356086
21.548661
18.739251
19.287974
16.486226
13.401113
13.709972
11.119559
9.642783
13.656982
16.295352
16.428616
23.798539
27.752241
24.289478
22.167413
21.533451
24.962047
28.976711
31.744140
31.202598
27.643914
8.441893
6.319110
6.548162
5.706660
6.160238
6.865464
7.011388
7.955807
6.859336
5.897940
11.823844
7.992566
8.548702
7.771090
7.500550
7.830863
9.504099
8.442463
12.635135
10.953986
9.966928
10.798399
9.849169
10.424438
8.278875
6.202088
-5.812687
-6.012998
-9.144382
-11.615908
-11.636647
-10.330001
-10.397725
-7.482778
-7.555155
-12.991533
-11.722683
-10.165409
-9.981068
-13.757708
-14.566170
-14.061480
-14.177979
-15.248774
-15.338854
-14.931427
-14.667820
-15.219284
-15.732677
-15.664135
-13.252070
-4.208168
-11.224528
-10.819186
-7.290850
-6.658063
-9.269784
-14.960058
-15.683354
-15.535370
-15.584734
-15.721146
-15.730094
-2.353899
-10.888792
-12.875527
-14.819758
-14.968450
-14.695938
-14.787878
-15.184124
-15.885912
-15.297279
-6.403911
-13.928023
-14.087767
-11.292928
-11.600020
-15.824129
-14.881606
-14.160287
-14.532929
-15.420735
-16.062426
-15.686543
-13.250244
-10.147605
-14.241957
-15.235774
-15.351197
-15.332222
-15.725873
-15.891818
-15.548614
-15.512389
-15.424118
-15.534040
-12.557222
16.134299
21.595138
29.204688
30.516413
30.692572
27.558188
23.735693
27.134166
28.681450
28.738940
27.939825
24.462212
23.049174
18.682262
16.588212
22.202331
25.670502
24.911200
26.361149
29.558401
30.023725
26.279629
26.643116
29.893901
30.719789
28.467687
25.416124
27.180419
19.024125
17.325384
19.060004
19.838451
25.711025
29.249980
26.662104
24.373872
18.887657
20.955776
26.273748
27.524963
22.928011
25.549446
20.327406
19.732505
21.316571
28.117829
31.397646
27.563909
26.231228
23.034545
11.480398
9.697963
8.312067
9.185255
8.231010
9.254631
11.567384
8.305634
7.169730
12.128930
12.198519
12.900078
10.624095
8.238410
7.386804
9.245679
8.486384
12.609902
13.806371
11.322325
9.735356
8.594582
9.116417
9.146324
6.995863
-8.754048
-12.101590
-12.864603
-13.049094
-13.790159
-15.136861
-15.272680
-15.439169
-15.529066
-15.339445
-15.405253
-15.743524
-15.461673
-11.179627
-14.970090
-15.378484
-15.308428
-15.095307
-15.237989
-15.376484
-15.183215
-15.324991
-5.438730
-12.149053
-13.082329
-13.674808
-13.829770
-16.062919
-16.028184
-15.961593
-11.265246
-12.901917
-14.474952
-15.203475
-15.166449
-15.556443
-15.228254
-15.482106
-15.591296
-15.307094
-15.385267
-15.748227
-15.857833
-15.722170
-13.274798
-14.620929
-15.384604
-16.198223
-16.384931
-16.335533
-16.896876
-16.684517
-16.663438
-16.740929
-16.957264
-16.741180
-16.495474
-12.839196
-15.189718
-15.848617
-16.247846
-16.554539
-16.731382
-16.651972
-16.386392
-16.300148
-16.799843
-16.826880
-17.249085
17.471464
20.840282
22.915579
18.737411
18.516993
17.690961
17.759652
21.300561
21.423673
20.573521
22.485012
21.830303
20.605546
18.046848
20.689660
21.217791
18.957113
18.330320
20.341674
21.092845
19.719856
19.592473
19.134942
19.570904
27.136814
25.653661
29.901811
30.273071
29.060690
30.457896
24.579640
44.144117
52.406447
45.169754
34.253749
40.662680
37.029612
35.148773
34.148528
32.127271
45.692467
44.923953
31.172656
29.551194
20.386777
19.167367
19.391513
20.381106
22.983672
24.002464
18.397157
23.758796
22.539356
21.718452
21.283118
22.382649
23.805622
21.537682
24.589718
24.491735
24.638803
26.196209
28.707723
28.736756
22.664554
-6.958001
-11.837220
-13.225085
-14.518410
-15.538966
-16.129455
-16.064006
-15.987504
-16.246462
-16.015026
-16.111328
-15.793112
-15.809604
-15.960139
-15.936750
-16.238728
-0.803590
-12.660946
-14.099162
-14.079697
-13.708088
-14.027241
-14.834474
-15.197982
-12.957878
-12.390169
-12.688751
-12.466029
-13.015390
-15.704946
-15.626753
-14.977119
-7.448375
-14.796278
-15.567923
-15.993134
-16.108758
-16.132007
-16.506129
-16.179316
-16.127529
-16.795787
-15.247764
-11.185674
-12.767631
-13.828168
-14.924869
-15.502838
-15.113422
-15.054522
-14.806878
-15.328893
-13.509926
-12.492163
-10.030529
-10.462838
-3.432519
-12.101177
-8.645138
-8.775473
-11.574287
-11.970021
-11.226038
-11.485666
-13.784938
-15.147508
-15.084052
-15.005463
-14.906896
3.882977
-8.583629
-11.988345
-14.092578
-15.076299
-14.855132
-14.992323
-15.161371
-14.673284
-15.096679
-14.783043
-15.011493
-15.382115
-15.207633
-15.033220
-14.790943
22.831633
27.914068
31.380548
29.669573
28.107898
26.088402
26.097925
28.909370
26.392690
26.545674
22.159067
19.701704
21.654720
25.872963
25.443269
23.463025
23.044260
24.504129
30.854651
30.780040
29.500943
25.428614
21.993830
19.700428
38.255692
45.074311
49.189553
43.050130
45.056474
37.719149
32.832370
29.836065
36.063948
35.620188
33.498134
33.550032
34.379596
36.328533
36.494368
41.219379
39.500438
29.816502
18.942875
21.860486
24.270290
26.792931
22.347909
19.457771
19.168938
19.077553
27.248159
31.344322
27.861584
26.599999
28.227104
32.281660
25.789145
22.732066
22.542791
23.601334
24.797665
24.181955
-14.901884
-15.171220
-15.471848
-14.662852
-14.576913
-14.752500
-14.760862
-15.415028
-16.100864
-15.983081
-15.423857
-11.791365
-15.490892
-15.765254
-15.893684
-15.658724
-15.844164
-15.697119
-15.919813
-16.203199
-14.865094
-9.268114
-14.870182
-15.381035
-14.527410
-14.131311
-14.770576
-15.719893
-16.195959
-16.590707
-16.538607
-17.273483
-15.950526
-15.276138
-15.055492
-8.891627
-12.489668
-14.204915
-15.700059
-15.363293
-15.633471
-15.778947
-15.635661
-15.465253
-15.581721
-16.062555
-14.579395
-9.249603
-14.218026
-15.610468
-16.235039
-15.639709
-14.939399
-15.526238
-16.814959
-16.429671
-16.570279
-16.355357
-16.206212
-16.106104
-16.325209
-13.542717
-14.738281
-15.249546
-16.539607
-17.095209
-16.617358
-16.763907
-16.956133
-16.731232
-16.743670
-16.189923
-15.874837
-16.457851
-16.857633
-16.737929
-11.288734
7.457844
8.396226
9.682726
8.577349
7.525358
6.148012
5.018069
4.851028
5.194568
4.137601
3.234232
3.716408
4.336430
4.320747
4.874332
4.675092
5.818312
5.603788
7.514881
6.603816
5.457340
5.659999
5.062331
4.495631
4.906171
7.559824
4.686296
4.709371
5.356172
15.248850
13.667382
15.923256
17.664882
17.613596
19.416212
16.380883
19.500069
20.332757
21.546449
20.564304
18.905210
18.345787
13.393107
14.672244
12.580181
15.484663
18.178524
18.638618
19.222282
16.749518
21.452670
7.730372
5.916671
5.178638
6.660092
10.239498
8.821161
8.693007
8.078345
5.806673
6.285635
6.986219
5.436287
4.908482
5.984298
7.681735
6.429364
5.062484
8.950173
7.298799
7.006327
7.969580
8.843786
6.712676
6.959124
7.127078
5.689242
-15.017732
-14.761317
-15.053025
-15.180399
-14.868427
-15.225869
-15.146613
-15.138608
-15.093845
-15.380256
-15.022621
-14.831360
-15.285527
-14.578594
-11.883202
-15.378638
-14.629610
-14.871678
-14.975019
-15.155276
-15.591647
-15.598670
-14.882760
-14.973087
-15.396998
-13.057720
-12.534566
-14.060918
-15.577178
-15.434910
-16.279010
-12.280486
-12.196139
-14.170955
-14.329213
-16.810523
-14.277965
-13.942071
-11.549778
-11.058955
-12.408284
-10.321631
-12.359478
-12.868086
-14.492033
-15.363754
-13.181990
-12.134496
-12.803271
-12.830550
-11.998032
-11.772326
-12.011368
-8.930054
-13.542003
-13.642426
-15.704801
-15.800244
-16.194378
-14.738526
-14.832397
-16.311307
-15.828131
-14.910766
-15.316156
-13.718993
-12.155300
-11.040032
-8.445976
-12.292024
-13.266956
-14.787601
-15.626901
-16.301716
-16.495719
-16.550962
-16.017450
-16.117457
-16.469445
-16.775051
6.541917
7.405941
9.400356
11.312868
10.105787
9.598165
9.502349
9.058753
7.598274
7.546507
10.037475
10.979283
8.890108
9.214962
7.869827
5.651862
9.375442
11.764987
9.761551
10.299186
8.943531
7.252251
9.408188
10.596267
8.470930
10.348487
10.033691
9.369957
8.590621
7.011594
12.225309
10.613896
15.342470
17.677384
18.684788
18.344466
16.159866
14.533649
15.711197
16.424126
18.975587
20.950050
21.701639
22.275859
17.165737
17.213021
12.633763
12.360644
13.395129
16.478185
17.649843
17.556358
15.316329
16.840744
7.896943
7.546519
7.036778
7.829668
7.900109
7.762115
7.845747
6.754650
5.114758
7.785083
8.551022
8.929908
8.332348
7.571412
7.494571
8.424537
5.696370
5.890209
6.759886
5.859957
5.323611
6.469186
5.864981
7.475762
7.255491
6.284173
5.265671
7.071726
-7.344785
-9.868508
-7.789132
-8.148940
-13.561948
-12.755379
-13.082288
-12.934929
-14.022474
-15.165685
-15.658298
-15.441035
-15.086717
-15.583879
-15.520556
-15.122287
-15.247908
-11.193622
-12.395971
-13.887554
-14.265452
-14.727222
-15.457097
-15.575846
-15.127495
-14.080466
-13.813719
-14.761268
-14.493811
-14.610630
-11.229950
-14.271285
-14.136601
-14.040884
-14.027944
-13.449073
-13.485408
-13.675895
-13.740824
-14.430354
-15.354326
-14.515893
-9.709476
-12.346988
-13.953459
-13.822380
-14.303060
-14.725931
-13.718650
-13.587277
-14.381752
-15.004885
-14.689122
-15.447916
-15.950052
-14.072086
-6.297601
-9.987296
-13.105939
-14.992119
-15.550623
-15.222615
-15.097267
-15.447591
-16.048873
-16.279527
-16.073894
-15.740553
-10.389501
-13.809019
-14.816493
-15.280177
-15.109811
-15.154851
-15.443045
-14.919892
-14.741935
-15.238834
-15.362268
-12.451829
-9.963366
7.367487
9.972052
11.804006
12.239696
12.104393
12.540344
11.674803
10.850943
11.407091
8.501003
8.093990
9.591492
9.964775
8.977929
8.150101
8.609525
13.947306
15.793701
13.688659
13.407386
13.005585
12.962588
12.100903
10.017217
11.709675
10.874836
11.131536
11.103695
11.271062
11.256431
18.884754
24.186841
33.723825
32.881949
27.786184
25.471705
25.012251
20.424090
24.567220
32.159494
33.005746
29.649189
36.085825
37.115179
24.556907
21.427105
26.257901
29.617418
39.326363
36.813089
27.344033
40.257340
35.203836
27.548759
18.495049
20.979889
23.640518
21.846337
20.442672
22.301662
20.018571
17.517784
16.082743
19.113888
22.067130
28.236372
26.753935
23.742725
24.134563
22.879177
19.628007
17.759314
21.814898
27.796237
31.402325
29.745938
23.092487
23.843795
24.227820
23.558844
20.362208
-9.301641
-9.056886
-10.544926
-13.972537
-14.659709
-14.731191
-14.734027
-14.725109
-11.553057
-11.385591
-11.623772
-12.415155
-13.374885
-14.284573
-14.906424
-9.174545
-12.067029
-9.661545
-9.424919
-10.712968
-11.287611
-9.567727
-9.578028
-11.678871
-14.371143
-10.156434
-9.026227
-10.042531
-13.359353
-13.562461
-1.612088
-11.340345
-13.749690
-14.403305
-14.461113
-15.435336
-16.222025
-15.729108
-15.299774
-15.151086
-13.671208
-12.683723
-11.468232
-11.951766
-7.441554
-8.315187
-10.239637
-12.019578
-12.463129
-12.788325
-13.152942
-8.482735
-8.498235
-11.170075
-13.747687
-15.333354
-15.899612
-14.833204
5.883985
-10.948711
-13.594001
-14.324847
-14.864429
-14.921618
-14.749048
-14.356063
-14.726042
-15.220574
-15.447442
7.260756
-9.795861
-12.452863
-13.360758
-10.966970
-11.553012
-11.447777
-11.131886
-12.819084
-11.919699
-11.898869
-13.838839
-12.256693
-12.045859
-11.819015
14.996551
14.528775
15.982522
17.663954
16.436211
15.627775
15.746922
14.475396
14.094799
13.747357
15.482981
15.140902
13.558501
12.582995
10.670696
13.492959
15.163376
15.458923
14.798735
16.435099
17.525339
16.058317
14.671827
14.722736
14.772801
14.398282
16.597023
17.088083
14.411017
25.851107
36.993824
38.836108
35.935466
38.337855
39.145442
31.190373
27.145442
36.683516
54.985175
52.075538
41.882548
39.493650
34.703241
39.339680
51.497404
59.790594
47.414467
46.288404
48.312384
37.952164
23.715647
28.527524
33.739443
29.475451
26.135214
25.112892
24.350694
23.407631
19.648768
16.039765
25.116379
25.821516
28.198961
28.806564
25.162396
39.290338
42.631205
26.673437
24.543982
29.318454
29.016411
25.805092
22.449651
25.662326
24.247327
22.992273
19.807772
-12.407696
-14.332128
-15.282425
-15.509655
-14.257614
-13.171426
-13.852420
-14.820693
-15.432572
-15.016267
-14.474582
-15.104007
-15.832535
-10.057582
-14.027443
-14.361397
-13.503782
-11.508228
-10.674566
-11.835919
-13.285424
-13.490537
-13.836075
-15.146506
-15.903966
-16.515063
-14.732191
-2.323750
-13.787306
-14.928719
-15.942518
-16.325263
-16.003602
-15.668811
-16.119641
-16.167433
-15.636799
-14.563776
-14.649004
-8.925406
-11.839381
-14.368666
-13.107376
-12.595994
-13.378079
-14.471270
-15.735716
-15.770861
-15.623925
-16.024291
-15.956081
-16.005269
-14.752076
-13.568082
-5.144662
-11.825642
-15.418554
-15.942573
-16.524006
-16.956514
-13.546011
-13.618595
-16.542581
-16.491165
-16.253391
-16.204071
-16.576069
-10.016106
-6.192021
-4.289145
-6.706642
-12.270634
-14.409493
-14.811473
-15.566910
-11.504266
-11.613179
-16.047690
-15.601872
-14.968622
-15.320992
-15.625705
-15.793681
-15.653504
-14.037740
-13.995420
-15.963442
-16.104317
8.635853
10.423763
11.956856
12.310290
12.662371
14.103944
12.958298
10.598388
8.541360
9.151826
11.284445
13.099202
11.578613
9.521246
7.502831
8.886903
9.952449
9.541876
9.651946
8.863204
8.249779
8.630472
10.154733
11.873465
10.043076
8.681216
7.260530
7.305646
20.783950
18.944939
20.867003
19.718667
23.415651
26.081516
21.277500
18.974688
19.096106
21.039236
21.044128
19.327416
20.563489
19.807928
19.303455
22.794515
23.579235
23.314739
22.503340
21.851212
20.184500
9.828173
8.711994
10.107605
10.561882
8.655458
9.837588
9.558900
10.745549
7.843577
8.865631
9.769825
9.447910
8.724475
8.987974
8.929253
7.251572
9.954128
9.034796
8.479188
11.975110
10.902018
11.632919
11.400509
8.369031
-10.244801
-10.580556
-11.279773
-11.014231
-12.575340
-13.839363
-14.684291
-15.348244
-15.042061
-15.299120
-15.654157
-15.454584
-15.216377
-15.181387
-15.008790
-9.751637
-10.081396
-10.845818
-13.751728
-14.950030
-15.093850
-13.792878
-13.678532
-14.046633
-14.624662
-15.743965
-11.001875
-14.197941
-14.093418
-14.352025
-13.585562
-12.882536
-13.439476
-15.476744
-15.368348
-15.804645
-15.714437
-15.628892
-16.121712
-15.719115
-15.338914
-8.351389
-12.548585
-11.079755
-10.880330
-13.245766
-14.171854
-14.623018
-16.042008
-15.907064
-15.833367
-15.830107
-16.122030
-15.848760
-14.954269
-15.520936
-16.459941
-16.228659
-9.631502
-11.648446
-15.263913
-16.153931
-14.222978
-14.169193
-15.087199
-15.755721
-15.545997
-15.368979
-15.308091
-15.309326
-15.719443
-16.120519
-16.169896
-16.454292
-15.565291
-11.275384
-13.392692
-14.468897
-15.875457
-16.383253
-15.973267
-15.655310
-10.246199
-10.099201
-12.174696
-13.414983
-14.791461
-16.576117
-16.693674
-16.493407
-16.646410
-16.415057
-16.172284
-13.511592
-12.476834
-11.680709
14.123048
16.035791
17.138992
15.528845
15.225861
17.611658
14.654679
14.305341
13.775535
16.441138
16.424374
15.526417
13.742638
12.381789
14.096958
15.541969
16.563208
12.688156
11.713834
13.636983
13.440885
13.087053
11.790514
13.934303
15.296153
13.507661
27.376828
29.270388
26.080805
24.258520
30.311566
34.649278
29.954801
23.167243
23.306415
23.406927
24.887277
31.940467
34.531419
27.259922
20.982166
25.916841
25.799423
26.314942
25.702550
31.833760
27.737544
13.014566
14.468984
12.140355
13.180389
15.806093
15.906870
11.236988
9.626279
15.156883
14.654933
14.768055
13.759795
14.036285
14.927063
14.010992
10.257994
12.044832
15.751622
14.142161
12.965796
12.168703
12.991984
15.545741
12.682437
-14.792204
-15.407001
-15.261472
-15.438794
-15.608110
-15.789088
-16.271833
-15.889909
-15.440127
-15.289525
-15.805790
-15.527067
-15.445828
-15.737732
-15.660209
-15.520933
-15.690032
-15.695406
-15.908700
-15.492148
-7.340975
-12.216407
-15.008189
-15.234908
-15.738273
-15.581124
-15.290475
-15.353273
-15.313651
-15.640432
-15.441983
-15.537963
-16.223938
-15.520135
-15.399355
-14.909167
-4.537859
-14.246737
-14.800463
-11.407078
-4.487720
-3.200940
-6.046024
-14.530612
-15.580575
-15.722633
-15.678424
-15.771708
-16.390189
-16.612066
-16.150169
-9.406028
-12.360038
-14.200962
-15.164072
-15.116646
-15.373091
-16.260629
-15.031806
-15.120206
-15.393369
-15.989091
-15.976212
-15.609765
-15.969228
-15.649413
-3.981456
-11.548326
-14.042207
-15.177771
-15.573100
-15.616676
-15.555687
-14.951902
-14.950755
-16.072687
-15.948108
-15.809801
-15.375845
-15.241421
-15.680404
-15.647544
-15.055375
-15.203429
-9.266049
-13.018728
-14.673858
-15.487956
-15.331792
-15.632471
-15.747180
-16.134106
-15.922208
-15.341371
-15.192030
-15.433036
-15.739179
-15.719123
-15.721770
-15.991634
-15.745688
-14.012190
7.225198
9.119018
10.925499
10.642027
8.874729
9.527116
10.705235
9.725597
9.019462
9.255320
9.061329
6.943854
1.502248
4.912930
7.024625
7.337555
7.698386
9.179132
10.133916
9.156049
9.115788
10.705308
8.517071
8.129307
7.760779
5.645289
12.984981
13.005871
12.898632
13.302676
20.910664
23.070643
14.468850
12.595083
12.876829
13.046310
15.881319
18.789622
19.513957
20.496778
15.976879
15.937496
14.921515
16.440912
16.175838
19.561109
21.970717
21.537626
17.851174
16.804045
6.495582
5.720291
6.936866
6.759666
5.924139
9.011219
9.040437
6.704153
5.406174
6.885767
5.861454
8.581587
8.933180
4.422229
4.442461
4.572121
3.502750
3.016766
5.752968
6.839948
6.711003
6.791632
6.340178
5.436432
6.168411
5.314214
4.071772
-13.435879
-14.632955
-15.416993
-14.885801
-14.970677
-15.000282
-14.567389
-15.264518
-15.920989
-15.503162
-11.656825
-11.226731
-13.021488
-15.572662
-14.891887
-14.518609
-14.119561
-13.973103
-14.228419
-14.678640
-14.422558
-14.209245
-14.105881
-13.904795
-11.621730
-13.360883
-14.526302
-13.326620
-10.079635
-10.383344
-14.920349
-14.881355
-15.095115
-14.702046
-11.976658
-9.917533
-10.268652
-14.759403
-14.652055
-13.960218
-14.476435
-11.951136
-14.604086
-15.106266
-15.752273
-15.955618
-15.725845
-15.716012
-15.781505
-15.482862
-15.651523
-15.226058
-14.900887
-15.138961
-15.580943
-15.557471
-15.206147
-15.180903
-15.279426
-15.530535
-15.866926
-15.756556
-15.824865
-13.122813
-11.249233
-12.383579
-12.785746
-13.616555
-14.842862
-15.100902
-15.318036
-15.704781
-15.526686
-15.560391
-15.895191
-15.834091
-15.416915
-15.571825
-15.877037
-12.511146
-12.144349
-13.927818
-14.970484
-15.260265
-14.559364
-14.658846
-15.142329
-14.591913
-13.895599
-14.416612
-15.121554
-14.764279
-14.450828
-14.102620
-14.738745
-15.208791
-14.957037
-15.097084
-14.643290
-9.326486
-12.493541
-13.462837
-13.119910
-13.253157
-13.628219
-13.678646
-15.082238
-15.331653
-14.521478
-11.250896
-11.405570
-13.758204
-14.926240
-15.155827
-14.821935
5.109799
7.881996
9.618089
9.442636
8.113280
8.143020
7.953200
7.370066
8.175935
7.704801
7.168066
7.503671
5.592066
7.491739
7.527395
7.470469
10.304146
10.020353
7.213356
7.705736
7.707227
7.740248
8.727357
7.537960
6.948016
18.074518
20.396390
18.927365
17.619054
22.099364
22.818395
17.706248
18.754657
19.140673
24.409809
23.937250
19.321097
16.505829
18.215563
19.430132
19.149820
20.570967
22.347122
23.027706
20.889233
18.066107
17.405097
18.651758
7.582642
7.790116
8.450343
8.434983
10.254359
10.825413
8.267147
6.572430
6.455266
5.923156
6.499215
7.570135
6.939654
10.706635
11.720769
8.147281
7.630204
10.143226
11.776541
9.638904
8.767385
9.884570
8.692182
6.664032
-11.388491
-15.410828
-13.987582
-14.117496
-14.406450
-14.833550
-14.406962
-14.879666
-15.295174
-16.081098
-15.774221
-15.063112
-15.047027
-15.087862
-15.606745
-15.911936
-15.287722
-15.219967
-15.314605
-15.622714
-15.917167
-15.804367
-15.486403
-15.896025
-15.813289
-15.525297
-16.059101
-16.093737
-15.575665
-11.095962
-14.313018
-14.798088
-15.001283
-14.940741
-15.246995
-15.526062
-15.897531
-15.957213
-15.490063
-15.637235
-15.261951
-15.335188
-15.616830
-9.441176
-14.369542
-15.543728
-15.937753
-16.150444
-15.707357
-15.816209
-15.980179
-16.281662
-16.214137
-15.955072
-16.071276
-16.266490
-16.168518
-16.122854
-16.294574
-11.557045
-14.381759
-14.965606
-13.571861
-13.093884
-14.052149
-15.646912
-16.047710
-15.840687
-15.882437
-15.475679
-15.519834
-15.842324
-16.085810
-15.836895
-15.958587
-15.499351
-7.858000
-11.579174
-15.001836
-16.080195
-16.150371
-16.455199
-16.377372
-16.030974
-15.570178
-15.652759
-16.041444
-15.965230
-15.939561
-12.533406
-8.527384
-9.983619
-12.578603
-15.689160
-16.051207
-16.448802
-15.850001
-15.797931
-16.247455
-16.603908
-16.883864
-16.183672
-15.471332
-15.917898
-16.543535
-16.496193
-16.465616
-16.212380
-16.016345
-16.256977
-13.467140
8.120028
10.716860
11.444869
12.271917
10.755826
11.769976
12.549922
13.145506
12.086964
11.694969
11.700460
11.471839
12.711119
13.788950
14.064292
12.944094
12.415165
9.647198
11.748906
10.590656
11.136787
10.693666
11.337054
13.653717
12.951178
13.195892
13.149369
12.360624
13.741282
13.105751
13.175751
13.009338
10.992607
10.178925
10.553538
12.304341
14.012567
14.036650
11.651652
14.229196
10.327194
9.318266
11.280746
14.060951
12.351278
11.700764
7.875928
9.640819
17.659911
14.765177
16.206051
16.838706
17.881528
20.274547
16.901182
16.203699
14.184213
12.777040
16.064819
16.931367
14.029460
14.071249
12.176659
10.394872
21.881559
24.380221
23.279910
25.519746
22.473939
22.832608
21.694465
14.918862
17.311418
18.682842
15.942707
16.669903
16.876532
13.523348
14.298088
-10.412205
-10.941974
-13.537605
-14.919129
-15.634443
-16.092452
-15.503357
-14.734358
-15.101000
-15.636813
-15.626434
-15.561683
-15.658324
-15.694613
-15.571004
-15.766224
-15.800202
-8.486217
-13.649977
-15.043877
-15.242841
-15.256346
-15.102874
-15.189808
-15.240587
-15.781892
-15.674490
-15.445766
-15.595977
-15.463830
-15.148435
-14.990719
-15.436640
-15.461022
-13.308043
-10.583911
-14.506471
-15.109848
-13.488389
-13.341118
-14.077225
-14.743807
-15.818538
-15.813678
-16.022872
-16.610248
-16.694278
-15.838730
-15.945303
-16.002507
-14.551783
-8.713891
-13.643623
-14.681437
-14.684009
-15.290279
-16.023151
-15.879067
-15.489676
-16.157014
-15.521886
-15.602960
-15.647391
-15.525644
-15.700718
-16.066627
-5.329492
-8.658719
-10.022233
-13.316627
-14.664861
-15.837482
-16.280385
-16.346938
-16.472921
-16.391245
-15.815695
-16.229547
-16.434820
-15.953056
-15.353973
-10.832013
-11.977023
-13.838268
-16.238130
-16.486329
-16.410507
-16.658384
-16.592493
-16.432757
-16.545024
-16.891030
-16.947917
-16.890704
-17.235128
-16.852915
-16.602421
-16.245149
-16.494174
-16.455637
-16.422389
-14.847836
11.916565
13.481604
14.731251
12.190214
11.600891
13.291662
11.994325
11.380489
10.323730
9.930473
11.515850
12.895985
12.957898
12.365688
12.129085
12.533118
14.249981
15.269769
13.221565
14.263599
13.784144
13.710924
15.763461
16.028761
14.668812
14.166524
15.643080
14.207140
13.309337
10.323677
12.047083
14.431979
17.293501
15.185569
13.152768
12.426621
12.114751
14.878339
17.344672
18.283395
18.097761
15.937140
17.345928
15.307553
9.589632
8.321311
11.698939
11.332179
8.568358
7.921475
8.979995
7.586418
12.568316
10.737359
14.099948
12.427096
10.851591
12.425053
10.956700
8.440526
14.453846
11.559891
13.722703
13.027842
11.116140
12.623357
12.812746
10.564937
13.148658
14.153196
17.645910
19.109176
17.125608
16.486592
17.268571
15.417899
-12.284393
-13.116287
-13.183717
-12.343682
-13.226286
-14.725509
-14.935967
-14.920856
-14.624802
-14.034827
-14.963093
-15.738367
-15.028628
-15.206808
-15.705287
-15.087564
-13.661982
-12.347693
-13.070067
-14.720267
-8.330009
-9.375968
-13.129298
-15.113787
-12.796348
-12.954703
-14.560635
-15.345501
-15.808798
-16.026768
-15.832760
-15.847021
-15.895298
-14.911173
-14.828143
-15.382940
-15.716936
-15.817260
-15.512844
-15.188153
-15.091518
-12.100724
-13.811732
-14.468786
-13.962241
-14.098435
-14.532490
-14.653824
-14.624973
-15.202371
-15.654019
-16.529576
-16.151075
-15.591754
-15.969929
-16.246330
-16.124705
-16.079780
-16.327145
-15.931192
-10.284930
-13.535552
-12.923423
-12.439171
-12.006581
-12.709238
-12.848709
-13.079751
-13.729055
-15.138704
-14.249557
-14.144496
-15.560269
-15.525053
-15.162774
-14.470839
-14.572558
-14.982756
-14.063486
-15.476866
-15.939641
-15.776635
-16.115358
-14.934083
-14.507070
-14.506112
-15.374139
-16.524282
-15.708750
-15.397815
-15.171189
-15.601386
-16.016760
-16.233932
-16.251782
-16.227616
-16.496354
-16.567404
-16.869677
-11.772020
-14.580415
-15.628174
-15.676978
-16.204274
-15.933976
-16.310450
-16.365656
-16.344321
-16.219270
-15.829351
-16.199634
-16.491284
-16.059299
-16.315642
-16.421001
-16.075588
-16.136754
-16.144037
-14.732869
22.260661
25.773043
28.088274
25.082775
25.595322
26.090797
24.944194
23.245660
27.696362
27.978492
24.151259
17.067113
16.964710
19.338536
19.976964
29.109699
25.778869
24.614148
21.323091
26.658786
27.804418
25.912661
24.686116
29.999736
30.691573
29.671618
33.017417
35.426511
37.462857
32.307822
26.910809
28.938559
26.905672
24.235709
35.137985
41.431443
49.089442
39.121089
37.130763
48.552925
55.648726
13.146217
11.048494
15.763229
16.039503
12.129736
12.166913
10.560135
22.084841
15.147149
15.638090
16.163904
16.332956
17.973832
14.934501
33.393607
39.256019
41.066168
43.262589
44.608464
36.393768
39.876363
15.929625
16.796170
20.013413
19.158706
22.063559
19.573470
20.124853
-12.160100
-12.360969
-13.739238
-15.511801
-15.309306
-15.919020
-16.252735
-15.152284
-14.717040
-15.132760
-12.513841
-13.108284
-14.527705
-14.272031
-13.041566
-13.105298
-13.021014
-12.682339
-13.821678
-14.169103
-14.691730
-13.161909
-12.551631
-11.917662
-11.083003
-10.677532
-12.268359
-12.809459
-11.701465
-10.330376
-11.234734
-12.656719
-12.366177
-14.576971
-15.271024
-15.808869
-13.458540
-13.439900
-15.763639
-16.170417
-16.023765
-15.747615
-15.179119
-15.343286
-15.819097
-15.742368
-15.719056
-7.583768
-13.092626
-13.876604
-14.484318
-15.597969
-14.730607
-14.447057
-11.498980
-10.628777
-11.852342
-13.702012
-13.178065
-12.858895
-14.057716
-15.446857
-12.384572
-12.461116
-14.179255
-13.051528
-13.158198
-11.292187
-12.043610
-15.283916
-13.580104
-13.207807
-14.653678
-14.621157
-15.684870
-16.049091
-15.534584
-14.684848
-14.867271
-14.871043
-14.462441
-14.332086
-13.578028
-13.702357
-14.108235
-14.081529
-14.476331
-14.488897
-14.093088
-14.093090
-14.401048
-11.971145
-13.500407
-14.832662
-14.588628
-14.853969
-15.022983
-14.686908
-14.805990
-14.776893
-14.078313
-13.086318
-11.578257
-12.096791
-13.540507
-14.045112
-13.845168
-13.767607
-14.979585
-14.555126
23.909594
31.993763
35.409080
34.966104
41.604430
41.409451
37.299429
40.843170
40.435626
34.253462
28.786386
33.965170
53.496563
27.661917
36.244156
33.409815
33.789396
35.955622
33.580057
37.975765
41.282666
36.829621
37.862189
44.271803
37.706119
63.830239
68.108986
69.876627
54.417042
59.168949
56.282147
94.316387
95.462143
71.106755
62.800710
64.580862
75.456851
25.079309
22.653925
22.982198
25.488174
25.226221
26.051198
27.297233
26.300896
34.056191
29.623365
22.226161
20.919307
17.303842
49.248003
61.284986
65.532612
53.504211
57.885998
61.549300
28.537328
33.572317
32.517248
26.203944
25.679113
22.496781
-5.951954
-10.646382
-9.312496
-9.581495
-11.692932
-12.108763
-12.093489
-15.079535
-15.365036
-15.681157
-15.466616
-15.132773
-15.085906
-14.677803
-15.093778
-15.702205
-16.072919
-16.247441
-15.878268
-15.017833
-14.874567
-14.433815
-14.133279
-12.324032
-14.402271
-13.812279
-13.045414
-12.615776
-12.545032
-13.151387
-13.778066
-14.190542
-14.422356
-15.350942
-15.246261
-14.462856
-14.636774
-14.501016
-14.895333
-15.307677
-15.642350
-15.148464
-15.397919
-15.736562
-15.801912
-12.949109
-13.705635
-14.695293
-15.094174
-15.258741
-14.824419
-15.346688
-15.522700
-15.518675
-14.991543
-14.798975
-14.510571
-15.003414
-14.787199
-14.305263
-14.199901
-14.942183
-14.888111
-15.023856
-15.202479
-15.285303
-15.286433
-15.431080
-9.130960
-13.065431
-13.924629
-14.368698
-13.386431
-13.846109
-14.682689
-15.074589
-15.253920
-15.379713
-15.602247
-15.338451
-15.080136
-14.804816
-14.688654
-15.132215
-15.023932
-15.026211
-15.311832
-15.624921
-15.343688
-14.746779
-14.798338
-14.704430
-5.561877
-13.424546
-14.144119
-15.252997
-15.536023
-15.779000
-15.435892
-15.888221
-15.841948
-15.589955
-16.002314
-15.808754
-15.687041
-15.465535
-15.215073
-15.326958
-15.530852
-15.692067
-15.376138
-4.496045
-12.065014
-12.822905
-14.371756
-14.904562
-15.877846
-16.071492
-16.299137
-15.736571
-15.772044
-15.894173
-15.546255
-15.834571
-15.695368
-15.282167
-15.750170
-15.743591
-15.657537
-16.084372
-16.255637
-15.854101
-16.024714
-16.235843
-16.153390
-16.201538
15.218662
17.004726
15.575395
16.812775
16.512428
17.276364
15.405484
12.285016
14.861601
15.936616
18.072049
16.810136
12.181933
12.233914
11.973558
15.581096
18.289951
16.450418
17.088890
18.824825
19.383649
20.731811
20.507078
19.748059
20.992826
17.732323
17.089112
27.953734
24.609515
24.517980
24.787510
25.475610
26.600700
23.445622
17.600617
16.149051
20.430984
21.740287
26.463305
26.492279
21.881993
15.250125
10.432357
9.397893
12.074302
12.285948
9.493100
10.451800
9.309972
8.279206
8.792161
10.128738
10.881990
11.869798
13.411460
10.921773
10.738741
11.904995
10.800176
19.907046
19.671153
22.076635
22.119134
19.858516
19.991336
22.766617
22.343342
12.544151
12.135026
11.067032
9.929309
14.403414
16.581837
16.544306
13.230777
-5.268394
-8.136060
-9.458919
-7.618760
-8.011992
-9.652284
-10.541624
-10.248462
-10.935683
-13.016445
-13.905377
-13.764574
-13.769652
-12.048186
-11.960838
-12.234130
-12.446556
-13.664427
-13.202480
-13.179094
-14.530467
-14.200134
-14.210672
-8.576098
-10.945552
-11.278615
-11.870194
-12.364706
-12.722459
-13.531475
-13.279759
-12.775300
-13.244589
-14.178604
-15.300298
-14.376754
-13.402159
-13.604727
-14.687883
-13.848921
-12.519088
-13.070634
-13.628981
-14.127401
-11.167689
-13.622503
-15.090901
-14.983694
-15.111237
-15.786851
-15.742243
-15.574784
-15.619716
-16.130246
-16.173058
-15.809135
-15.305317
-15.408610
-15.433955
-15.136918
-15.661987
-15.993496
-7.178339
-10.367580
-11.331239
-12.692352
-12.990378
-12.325765
-12.364252
-13.101098
-13.434249
-13.641830
-13.971756
-13.289489
-13.867027
-14.767681
-14.466704
-14.307744
-14.483902
-15.063067
-14.754795
-14.376310
-6.985508
-9.820510
-12.624303
-13.594730
-14.967219
-15.591190
-14.543535
-13.420121
-13.418461
-14.038070
-14.903192
-15.443113
-15.243415
-14.102178
-13.808371
-14.306923
-14.451336
-14.113556
-13.246691
-13.119531
-13.827102
-13.756829
-13.761611
-9.163957
-7.434297
-13.082761
-15.214891
-15.446814
-15.816028
-15.215832
-15.218958
-15.564601
-15.483140
-14.976650
-14.883278
-14.714248
-14.660981
-15.180878
-15.078856
-14.887213
-15.099405
-15.307840
-15.110657
-15.596579
-15.763821
-15.386501
19.246632
22.929658
23.373678
24.712956
21.530770
20.780976
18.330375
19.714875
18.727108
19.145671
21.409276
22.176699
17.943254
18.368688
18.569411
18.639820
21.394968
21.516081
19.936943
21.073307
21.140467
17.883071
15.381911
15.420620
14.930092
18.529120
22.436643
24.421551
22.107779
25.446328
25.672671
23.291151
23.888842
22.563255
23.308168
27.356426
29.361243
31.370953
29.680560
24.117585
15.363481
15.136546
18.348681
18.935013
14.555154
12.978907
12.468968
11.649481
15.073790
17.703415
19.131107
16.929311
18.089470
17.158019
12.151631
23.315222
22.881222
23.824947
27.218229
28.125590
26.283745
26.654287
12.425457
20.425297
23.524200
19.654841
16.219814
15.709275
15.107785
-8.557122
-11.457224
-14.333132
-14.325840
-13.135575
-13.030989
-13.632045
-14.230013
-13.268177
-13.240954
-15.451684
-15.281985
-13.791089
-14.215949
-14.097840
-11.200789
-12.846009
-13.823787
-12.535750
-11.028501
-11.672182
-13.600062
-12.230714
-12.851019
-11.372020
-11.586367
-15.035170
-14.724145
-13.052825
-13.538918
-13.096186
-14.714323
-15.015983
-15.024747
-14.918496
-15.231002
-16.138867
-13.930563
-13.925371
-15.911814
-15.689682
-15.598020
-15.287928
-15.368762
-15.454515
-10.993253
-14.210419
-15.024558
-14.882463
-14.593080
-14.801424
-15.521799
-15.731240
-15.251484
-14.271288
-14.337773
-14.679019
-15.296169
-15.781201
-15.371252
-14.713898
-14.688940
-11.493124
-13.663057
-15.151089
-16.340059
-16.493998
-16.521455
-16.268656
-16.181782
-16.396156
-16.377108
-16.656599
-17.266361
-16.916371
-16.683568
-16.864786
-8.165571
-11.638301
-12.358240
-15.355271
-15.535902
-15.420758
-15.304500
-15.057332
-16.878718
-16.798909
-15.694473
-15.493417
-16.078341
-17.114124
-16.348147
-15.519092
-14.785197
-15.127724
-16.229046
-15.804654
-15.849815
-15.782756
26.582610
30.550121
23.096637
23.899413
23.937494
22.098005
21.164214
21.122890
20.989553
22.884551
23.927438
20.565290
27.461744
29.721269
27.786451
28.124948
26.123494
22.859248
24.018970
28.586075
27.608057
23.404701
21.554376
20.480415
24.845553
23.038505
23.753058
25.533976
20.644746
22.216316
22.916130
25.092509
24.439084
26.442150
24.177319
18.562906
20.525127
20.850955
16.187792
18.628419
20.387984
16.989979
22.001007
18.993712
16.691507
14.858748
16.427378
17.409373
17.656328
24.144098
20.526235
21.756655
22.042701
22.744544
23.364127
19.953286
23.294083
21.307506
21.587175
24.435827
24.234372
19.830532
-9.888910
-10.726927
-12.372414
-7.078753
-6.565308
-10.712359
-13.790605
-12.725465
-11.965768
-12.513605
-13.361306
-13.986136
-13.121266
-13.883364
-14.656338
-15.646899
-15.781998
-14.774307
-10.302013
-13.625566
-14.319487
-14.214348
-14.216867
-14.940655
-15.727371
-15.156636
-14.110428
-13.680693
-13.769561
-10.948586
-10.335140
-12.610175
-11.479178
-4.085134
-11.343812
-13.989383
-14.587350
-12.319466
-10.126459
-9.948090
-13.157882
-15.608226
-15.446617
-15.345547
-15.447411
-15.905912
-10.552185
-6.364175
-11.556462
-13.157417
-9.961249
-10.066249
-13.161782
-13.845446
-11.409113
-11.038211
-11.419376
-12.929517
-14.477720
-14.235292
-12.240478
-12.163447
-10.475117
-1.575435
-12.329369
-9.562840
-6.686837
-7.332035
-12.800750
-13.606029
-13.344832
-15.656953
-16.316398
-16.488006
-16.501072
-16.059215
-15.769274
-15.963930
-14.321660
-6.248405
-4.462735
-8.055631
-14.207131
-2.843774
-5.442426
-13.798431
-13.282987
-15.291878
-15.488304
-15.075537
-15.051804
-15.432875
-14.732777
-14.079673
-14.310655
-15.439452
-13.354703
-12.846853
24.180558
24.982870
25.634073
29.213782
27.125554
25.753956
27.247245
24.210970
26.047019
24.438483
25.860450
23.726113
23.412370
27.729479
24.174515
23.310238
28.371300
24.617908
21.530520
22.775536
25.586844
25.167395
25.031603
24.746025
24.863989
24.335460
24.907648
23.993817
24.192929
26.367618
25.319546
25.043522
26.703029
23.272865
21.323928
22.331182
22.364820
21.772435
22.965209
21.090172
20.575426
22.465741
23.963613
23.913653
23.571341
21.165844
25.505465
28.594275
19.351676
23.943222
25.884327
21.631640
18.896212
23.703480
24.617008
15.664619
20.227322
19.677349
21.273980
20.636006
19.174099
20.656013
-10.139324
-9.470250
-9.912390
-12.411856
-13.938366
-11.875291
-12.319856
-14.640623
-14.593316
-14.846728
-14.807234
-14.771903
-15.131530
-15.845561
-15.234041
-15.196152
-15.571515
-13.465137
-10.145370
-10.550226
-11.330725
-13.495935
-14.419802
-14.155029
-14.743618
-14.756028
-14.490564
-14.647407
-14.028802
-14.226760
-14.488110
-14.345379
-8.907515
-9.996072
-14.032728
-15.014088
-15.612895
-15.872695
-16.267875
-16.313019
-16.163083
-16.093928
-15.849016
-15.498582
-15.537133
-15.861860
-15.973983
-16.200871
-16.254256
-16.182784
-12.856913
-10.723625
-12.748481
-14.075924
-14.884533
-15.189798
-14.896301
-14.884329
-14.885369
-14.364840
-13.882293
-14.112523
-14.403394
-14.203418
-14.011430
-14.572178
-14.858243
-14.894122
-14.995943
-14.538580
-8.428624
-11.115035
-13.825319
-15.193804
-15.891417
-16.023197
-15.945368
-16.123255
-16.085734
-15.759392
-15.974445
-16.381206
-15.786578
-15.805238
-15.766333
-14.014396
-12.511676
-14.491835
-15.063852
-15.668540
-15.559434
-15.351539
-15.733044
-15.527408
-15.784385
-15.752823
-15.362958
-15.089337
-15.120469
-15.187042
-15.292277
-15.842827
-15.595510
-14.823198
22.235772
23.140631
28.417131
30.892434
34.364098
28.820668
24.899195
23.182306
21.753160
21.881193
20.513218
20.768492
24.835054
28.964780
30.099547
23.370558
28.186235
27.482139
29.341272
32.096826
30.703179
23.097301
24.824495
29.543163
32.536153
39.248005
38.700256
32.244731
28.623530
35.248984
50.721158
36.777635
26.257646
26.794574
25.242468
20.563368
23.849487
37.088047
43.247197
16.099791
15.307998
15.682936
13.891984
15.919143
18.361217
15.477496
11.066289
13.242669
30.759306
32.024295
27.899211
26.405245
34.081420
36.410306
33.803553
31.862347
32.815114
15.066039
13.081848
11.706680
13.031371
14.374095
17.607119
16.146242
16.999492
39.450741
26.217345
30.210681
34.973593
32.988671
30.414272
42.980609
38.155544
40.368948
19.177851
20.115879
16.512432
15.870474
16.398990
17.393633
14.294420
13.030591
-10.287173
-10.820074
-12.415517
-14.006398
-14.597598
-15.286399
-15.571989
-14.878524
-10.764014
-10.922160
-14.914842
-15.146324
-14.534695
-14.070244
-12.761805
-12.671168
-14.237540
-9.692037
-12.452791
-14.026646
-13.852270
-14.443398
-14.438878
-13.250565
-11.731861
-10.786620
-11.132596
-10.672980
-9.663093
-10.194481
-11.239914
-12.324482
-13.104559
-13.341434
-13.860652
-10.096945
-14.130061
-15.308471
-15.042530
-15.150848
-15.715174
-15.964786
-15.834899
-15.675817
-15.803625
-15.703003
-14.790587
-15.119470
-12.124967
-8.891359
-11.182696
-11.291251
-12.372178
-13.807142
-14.027003
-14.179827
-12.847018
-13.023466
-11.286730
-5.473362
-4.923237
-6.844538
-11.424331
-12.678603
-13.697300
-11.766641
-13.622675
-15.811904
-16.195435
-16.043365
-15.595745
-15.723209
-15.825287
-15.615430
-15.698771
-15.408692
-15.165103
-15.185821
-15.268141
-15.297565
-15.340902
-15.157100
-15.373386
-15.169954
-15.074833
-15.137510
-14.671090
-14.365943
-10.633404
-13.793958
-15.313597
-15.657586
-15.559942
-16.055797
-16.012638
-15.631489
-15.130695
-15.293594
-15.497709
-15.079827
-14.966706
-15.342435
-15.290299
-12.971171
17.439185
21.311634
21.826332
23.056764
24.911779
24.340208
29.872499
30.963428
27.073205
25.273579
25.055218
23.472728
29.808699
36.440622
39.821620
28.762572
35.377864
38.880252
37.293132
29.115145
30.823632
34.814002
28.026858
21.197501
20.798092
20.644280
20.684555
22.564957
20.982514
34.343923
26.350123
38.935349
47.464361
44.358698
39.399205
41.050431
45.156253
37.459672
44.400030
40.109887
30.012976
33.812813
35.340246
27.135727
35.869993
45.716291
48.106081
50.784120
36.279571
35.412759
37.212827
42.142991
37.071274
27.050275
26.976435
32.641025
19.948968
18.649877
19.928360
20.424519
20.748414
19.588592
16.017072
18.736186
13.844274
13.509754
15.920288
15.989182
11.793610
16.551113
17.269908
16.133416
23.749120
15.210991
13.776027
10.496941
10.557720
13.963664
14.927384
15.137730
13.247906
11.626499
-13.392873
-14.376251
-14.476132
-14.796632
-15.351196
-13.231792
-13.007721
-13.833004
-12.265498
-12.370266
-15.150585
-14.892392
-14.976701
-15.328191
-15.033087
-15.137598
-15.311450
-15.436757
-15.449465
-13.638851
-12.236503
-14.396581
-15.003383
-12.685256
-12.892585
-13.395286
-12.996810
-14.153160
-15.072962
-15.077163
-15.652436
-15.713034
-15.477686
-15.294263
-15.589203
-15.974674
-16.086162
-10.549093
-14.053971
-15.504580
-15.858076
-15.644519
-14.754568
-14.577979
-15.387311
-15.467557
-15.150825
-15.607349
-15.884431
-16.059184
-16.375047
-16.438208
-16.183897
-9.482078
-13.464787
-14.605566
-15.244720
-15.563520
-15.197429
-15.122425
-15.376667
-15.274731
-15.309919
-15.322273
-15.960867
-16.035606
-15.899240
-15.665797
-15.801280
-16.048844
-15.154229
1.440017
-1.059485
-4.520217
-7.566813
-1.309988
0.065697
0.636296
-6.348201
-8.451879
-10.886620
-3.469681
-2.127477
-2.095523
-3.274414
-9.736543
-11.328799
-7.534001
-5.687430
-7.906055
-12.793409
-12.946061
-13.454804
-14.753727
-14.556112
-15.141753
-16.369077
-16.271897
-16.896821
-16.563395
-16.582562
-16.522792
-16.118077
-16.245811
7.750822
7.251016
6.469866
5.652230
5.723927
5.498259
5.007372
3.593268
3.588654
3.722605
2.985252
3.766256
4.088862
3.528174
4.302026
5.156466
4.266947
3.525196
2.063042
7.340524
6.919456
6.711188
6.373335
5.770693
5.146537
5.592157
5.571330
4.946241
4.019267
3.773635
3.825232
4.349109
6.104493
5.517456
4.911370
3.842179
7.480952
8.442377
9.575823
11.801471
12.636921
11.212518
9.840093
9.761882
12.420830
5.245666
6.049211
7.961211
7.967883
6.683127
4.448800
3.947914
5.960458
6.125901
5.240593
5.042402
5.854149
6.427551
5.122381
6.930854
8.747818
7.234481
5.623925
4.969465
3.312837
5.182639
5.065050
3.555604
2.929900
1.625747
2.544430
1.938322
3.305813
2.618128
0.915007
0.458976
-0.271176
2.459919
2.869958
1.477084
0.480237
-0.388999
1.103762
3.341308
3.724757
2.474431
0.877173
1.265891
1.734858
4.470807
3.081468
2.391341
1.018662
0.454292
2.026584
3.715480
3.880476
1.681183
0.901624
0.566894
-0.962399
-5.195551
-10.583495
-10.921116
-11.970114
-13.949120
-14.330320
-12.517938
-12.786480
-15.190898
-15.383676
-14.870213
-15.055790
-15.120337
-15.004281
-15.031514
-15.811350
-15.989697
-15.449020
-12.300771
-14.167478
-14.113005
-14.684734
-14.500247
-14.666123
-15.304084
-13.900192
-13.449707
-14.013614
-14.764911
-14.722055
-15.186794
-14.618716
-14.729623
-15.230505
-14.517671
-14.760923
-15.298741
-6.356167
-11.784765
-13.029666
-13.872523
-14.915886
-14.920237
-15.416253
-14.980476
-14.031115
-14.677705
-14.951791
-14.224605
-14.370592
-15.168716
-15.080820
-12.703945
-10.313771
-13.540298
-14.589861
-14.555424
-15.264463
-15.865271
-15.775417
-15.535914
-15.584936
-14.986355
-14.760779
-15.512475
-15.445022
-15.250049
-15.407013
-8.498903
-13.478517
-12.744683
-11.798235
-12.780353
-15.369821
-12.622824
-7.102313
-6.932553
-8.031198
-9.781079
-9.858902
-9.124962
-10.918558
-10.577467
-11.074403
-11.520370
-11.196278
-11.137330
-11.297690
-11.734359
-2.761470
-10.146330
-10.225727
-9.172339
-9.866909
-10.384445
-14.118473
-12.712474
-6.779937
-5.047105
-4.366728
-10.203815
-12.458381
-13.071192
-12.060721
-12.379142
-12.375601
-13.226097
-12.237361
2.608973
4.532157
5.844942
5.319297
3.460617
3.510550
2.553600
3.136526
3.952656
4.040326
3.985130
3.573063
3.354177
4.172318
5.146492
4.480187
3.531055
3.912973
3.744928
3.487310
1.948390
5.551238
3.963114
4.952934
5.727307
5.224094
7.089637
7.299016
5.375749
6.196912
5.396891
3.960853
5.700384
7.691145
6.854571
5.292519
4.565441
4.397085
10.718575
11.596368
12.436047
12.320999
12.139454
10.325522
10.588109
12.404572
10.903594
7.470893
5.870537
10.049013
11.696710
9.574348
9.850353
11.027126
9.957449
8.439737
10.106068
11.876099
13.185283
8.807883
8.815573
10.361579
9.969738
11.662960
10.298152
11.326794
4.646104
4.295796
6.623090
7.984943
7.813913
5.201845
4.476607
4.792570
3.014762
3.468246
6.483657
5.525018
5.196606
4.309020
4.670118
5.022242
6.106562
6.307700
4.058876
4.212332
6.594929
4.911032
5.101291
5.113328
5.735105
7.357417
6.671210
6.365504
3.833943
2.421769
-10.580622
-13.875819
-14.686535
-15.077403
-15.268665
-15.543619
-12.608330
-12.461115
-13.881778
-14.992953
-15.316284
-14.217594
-13.970743
-13.736868
-13.816737
-15.588793
-16.421770
-11.117393
-11.107044
-14.927164
-14.721036
-15.600164
-15.582416
-15.486120
-9.806626
-14.011859
-15.423987
-15.691143
-15.441350
-15.481674
-15.805614
-15.968610
-15.760591
-15.154086
-15.211932
-15.637161
-15.923458
-15.532751
-11.278351
-5.886667
-6.569769
-8.342509
-13.532647
-15.679173
-15.457621
-15.760530
-15.870713
-16.229844
-16.394630
-16.427456
-15.990110
-16.370236
-16.574064
-16.322743
-15.932046
-15.864565
-15.725906
-15.769416
-16.215542
-12.993650
-13.420786
-14.217330
-14.725107
-14.935298
-15.382677
-15.522781
-15.245088
-15.601906
-16.244683
-15.911950
-15.773485
-15.736835
-14.087444
-13.762468
-14.419625
-15.418557
-15.943827
-15.669912
-15.654702
-16.031998
-16.116725
-16.244430
-8.112316
-14.383505
-15.239289
-15.670703
-15.686740
-15.134827
-15.635423
-16.085545
-16.094648
-16.175344
-15.807934
-15.423389
-15.123486
-16.406492
-16.668541
-16.474346
-15.899767
-8.990729
-13.994088
-15.205058
-15.553457
-16.071993
-16.386258
-16.619738
-16.063399
-16.511888
-16.371582
-15.259510
-15.570612
-15.173758
-15.239555
-16.323883
-15.973976
-15.828927
8.277663
9.599656
10.624996
10.552224
9.458727
10.337092
11.785870
13.183691
12.625435
13.287328
14.133032
12.645366
11.013247
11.848966
9.411307
10.017453
13.764544
14.336747
12.404436
14.516855
14.480522
14.621436
13.569933
14.445220
16.421815
15.429150
14.042585
13.185138
11.656263
16.560048
22.181023
21.758499
19.425618
19.476034
17.328091
20.648530
18.766097
18.840034
21.642468
24.409886
23.992909
20.209109
22.574559
23.748182
17.120469
16.247767
17.068696
16.166195
14.190988
16.922359
19.569739
18.409702
21.863105
14.260801
7.700845
5.383401
7.053267
8.735024
7.191792
6.805019
6.794072
5.814700
7.110154
10.202872
12.870926
11.575294
10.222664
11.163617
11.387131
9.784469
10.736065
11.735759
8.610372
9.823734
9.048649
10.621178
10.788477
9.322769
11.049418
9.847230
9.096131
-10.968859
-13.081476
-13.625098
-14.178212
-14.471348
-14.401924
-14.575423
-14.799440
-14.302931
-14.326277
-15.071396
-15.135074
-15.071663
-11.028896
-10.733156
-13.239216
-15.420906
-14.639151
-13.938046
-10.395579
-12.259731
-14.814914
-13.996894
-12.580166
-13.431682
-16.067714
-15.325870
-15.569367
-15.841754
-15.621612
-12.937984
-13.223313
-14.930187
-14.873505
-15.323982
-15.544298
-3.577900
-13.824653
-15.199088
-14.544124
-14.687191
-15.660763
-15.861681
-15.864826
-15.384629
-15.786114
-15.886204
-15.630347
-15.871044
-16.032585
-16.318634
-16.521102
-8.538570
-12.951810
-14.085429
-15.299845
-15.737617
-15.774743
-15.532416
-15.083613
-15.189889
-15.763894
-15.188774
-14.603325
-13.183630
-13.769880
-14.036836
-13.985193
-14.124621
-14.700382
-8.234567
-13.926711
-15.047005
-15.400059
-15.699598
-16.021436
-16.180916
-16.459183
-16.491080
-16.241326
-16.294441
-16.073728
-16.138769
-16.358878
-16.171714
-16.593984
-16.335296
-15.994416
-16.491205
-12.316816
-13.907802
-15.509371
-16.269040
-16.240342
-16.161880
-16.473963
-16.770043
-16.320773
-15.624258
-15.967749
-16.361145
-16.428157
-16.631874
-16.202530
-16.280816
-16.486065
-16.213726
-15.958868
-16.016181
-16.297548
-16.195911
-14.957119
9.391387
9.152497
8.573594
6.981949
7.839525
9.874351
9.156797
9.882465
9.312915
9.781410
10.321852
11.219890
12.362979
12.234404
10.823378
10.411265
10.048777
13.080470
15.027749
16.014716
13.228933
12.999867
13.026373
13.886918
14.023045
11.529794
11.491416
13.858542
14.474380
12.322286
11.979272
13.782688
13.492308
15.424524
17.218350
15.142503
14.530044
14.291019
16.774926
16.347744
23.777810
22.179699
22.960788
23.318615
20.200329
20.579690
24.869397
21.214280
9.470585
9.705146
11.389800
12.888115
11.399524
10.044981
12.086656
13.465919
12.311608
12.128127
13.476783
11.423893
9.432128
7.651928
8.705773
9.890558
9.668379
8.904232
18.099910
21.357715
25.239906
26.912855
27.410176
26.170542
27.217295
21.350658
11.273064
10.367696
9.785890
12.567606
12.155118
12.255118
14.856607
14.760566
11.816764
-15.288559
-14.728054
-14.775109
-14.859398
-14.743498
-15.315202
-16.100147
-15.639757
-15.454415
-15.787499
-15.319696
-15.242672
-13.622476
-13.492947
-14.107610
-14.582631
-14.800892
-15.247796
-9.763420
-13.563157
-14.979517
-15.266417
-15.319112
-15.385141
-15.522588
-16.038474
-15.650592
-15.295886
-15.475966
-15.142014
-14.753385
-15.007088
-15.509299
-15.769887
-15.461273
-15.976826
-9.173969
-14.190516
-13.806691
-14.610370
-16.057725
-16.148046
-16.477359
-15.704234
-15.656784
-16.369459
-16.027031
-15.926395
-15.153834
-13.101048
-12.873326
-14.295515
-14.828126
-14.633312
-12.555773
-13.301326
-14.598120
-15.473825
-14.990694
-15.050954
-15.371333
-15.156654
-14.935549
-15.566939
-15.574945
-15.633848
-15.838168
-16.373801
-16.040104
-14.560509
-14.304382
-15.191372
-15.936602
-13.490276
-14.832984
-16.496810
-16.968417
-17.421638
-17.297555
-16.914458
-16.993416
-16.419179
-16.314952
-16.304925
-16.465335
-16.884556
-16.817187
-16.590930
-16.606187
-16.615477
-9.563727
-14.121043
-15.221542
-15.374516
-15.695994
-16.043246
-16.047061
-16.181291
-16.303647
-16.291062
-16.183541
-16.192298
-15.792946
-15.675892
-16.446047
-16.139529
-15.748560
-16.237711
-14.698472
9.414873
14.055397
13.990327
13.108207
14.311822
14.178827
12.345894
12.104616
11.804987
11.703934
12.734042
12.125408
11.936205
13.348700
8.593156
11.639421
13.051044
12.540454
10.162115
9.870988
11.740471
13.083519
12.435972
12.947016
11.718347
9.528567
12.666206
12.244985
16.915343
14.471867
19.830096
19.891807
15.721073
19.857580
19.133669
18.484450
20.211069
22.881028
21.824021
25.018324
28.728433
24.567115
19.729036
14.904936
16.565544
16.539079
20.850390
18.387561
14.169495
14.054775
9.653571
7.601374
9.217525
10.767892
7.239980
6.572152
8.149378
7.120855
5.546188
6.266163
8.368369
9.102685
8.267815
5.858789
5.880618
6.689130
6.517625
8.510726
7.546184
11.062276
11.013263
7.120716
6.648968
7.990352
6.735384
-10.261745
-12.493593
-15.015192
-16.070565
-15.642781
-15.622623
-15.351080
-15.144216
-15.370791
-15.474128
-15.309494
-14.868320
-14.965071
-15.157869
-15.051605
-15.370766
-15.669804
-15.940730
-15.894572
-15.765867
-15.485709
-15.127117
-15.233288
-15.032724
-15.433831
-9.653238
-10.314690
-8.585906
-9.150913
-14.442534
-15.190483
-15.343700
-13.100605
-11.959025
-12.685351
-14.526498
-14.322565
-13.730483
-14.125872
-14.747728
-14.081162
-11.229823
-11.435610
-15.420030
-9.509069
-14.456531
-15.191075
-15.675304
-15.598266
-15.501484
-15.346270
-15.508710
-15.544308
-15.661325
-16.015264
-15.708984
-15.740822
-15.844484
-15.992739
-14.917495
-12.548741
-13.348254
-14.933132
-14.939736
-14.154484
-13.506846
-12.153075
-12.489602
-14.750413
-15.680248
-14.827870
-15.101184
-15.375158
-15.609042
-16.003562
-15.716450
-15.312364
-12.551861
-14.564486
-15.307870
-15.838104
-15.581303
-15.704187
-15.525267
-15.516793
-15.739701
-15.379463
-15.656191
-15.803481
-15.803186
-15.997874
-16.238766
-16.091439
-15.624919
-15.563587
-15.026785
-15.158684
-16.037316
-15.867108
-14.492790
-11.567247
-14.174627
-15.843000
-15.725254
-15.702150
-15.291487
-15.061763
-15.231847
-15.698175
-16.182361
-15.815985
-15.930723
-16.013683
-15.743792
-15.633540
9.750085
12.349362
14.656371
17.517515
15.077891
13.079657
12.498809
14.127216
13.778384
11.877636
12.246161
13.365957
11.730546
12.038468
12.023817
12.397655
12.512291
12.531324
13.373569
11.485233
11.294656
14.377685
14.468647
12.736046
13.111073
13.972857
13.377374
13.480704
12.236132
19.254072
19.676420
23.428666
22.896916
22.948890
24.818262
27.085113
25.639949
22.682981
23.109264
30.923655
32.961643
27.114380
23.261419
22.844637
20.876189
20.125899
21.101690
21.833958
22.926131
12.702312
17.032169
8.836873
8.029194
11.021498
10.073114
8.548461
8.714118
8.918498
6.590503
6.806228
7.767110
7.530284
9.002847
8.665040
8.661598
9.451201
10.252223
8.578298
7.214605
9.169333
9.273446
10.025811
9.657119
10.328506
10.876067
11.634014
7.037910
-10.610803
-9.435414
-9.440709
-10.199912
-10.983503
-12.965342
-13.873595
-13.811207
-10.731834
-10.414837
-12.225136
-13.213691
-12.879828
-13.209122
-14.025662
-12.206395
-10.884296
-11.364216
-13.937432
-15.274313
-14.717691
-11.743638
-12.772512
-14.190009
-14.379193
-13.559997
-13.093897
-12.902748
-12.611103
-12.794843
-7.981215
-6.805914
-7.348412
-7.028477
-8.154510
-8.874857
-9.001967
-8.733262
-8.931543
-6.218851
-4.330133
-4.638675
-6.472059
-10.188560
-13.968871
-14.585021
-14.859494
-14.848358
-13.942496
-13.900223
-15.260758
-14.547120
-14.359116
-14.684169
-12.354947
-12.767178
-13.690042
-13.021937
-11.806148
-11.611576
-11.641359
-11.189558
-11.764694
-9.140910
-11.643210
-12.533646
-12.203576
-12.080672
-12.497261
-13.629191
-14.727250
-14.380800
-13.570138
-13.302474
-12.950049
-12.796461
-13.535736
-14.274735
-14.246829
-14.798370
-14.670070
-13.944092
-12.861551
-11.917910
-10.858814
-10.651710
-9.907165
-13.038452
-12.671681
-12.933661
-15.349350
-15.591036
-15.727714
-15.709190
-15.513928
-15.521326
-15.499765
-11.949956
-9.909141
-8.540325
-8.303788
-10.205942
-10.934319
-11.636133
-8.574472
-11.875555
-13.342452
-13.160694
-11.885337
-11.815131
-13.444643
-13.848866
-14.498603
-15.615966
-15.603997
-15.801734
-15.558395
-15.365221
-15.174626
-15.424234
-15.551480
-15.522426
-15.881790
-16.274710
-13.797843
-13.814798
-15.850392
-14.905120
7.416628
8.445618
10.343286
10.128150
10.482861
8.957626
7.923676
7.913478
8.178640
9.299990
9.131886
10.318117
8.775207
8.125557
7.785035
8.985381
10.465632
10.667655
9.917485
9.876403
10.658660
12.875368
11.760380
10.760114
10.695752
11.521487
10.243353
8.926571
10.966984
13.017382
16.520933
19.238633
19.209647
17.259094
16.768216
16.432330
9.558277
8.933920
7.989743
8.091705
7.610770
8.002247
7.582352
5.521179
6.550262
14.933271
18.583865
20.512898
18.470386
20.776917
22.826195
21.238872
20.427191
26.490168
18.912157
25.173140
25.481425
22.107885
24.583260
25.367150
22.357029
8.162906
6.969043
8.735638
10.830395
9.665762
9.674120
8.904223
6.565350
7.636281
10.521900
13.026588
11.983826
10.973561
12.119940
10.578176
10.020217
10.053092
7.774444
6.932700
-6.006431
-9.837563
-11.909210
-12.083042
-12.756428
-9.567146
-8.035473
-8.851688
-11.816221
-12.058720
-11.375463
-10.432720
-11.151717
-12.145375
-13.063030
-13.631098
-12.526697
-12.578183
-13.071646
-13.106720
-12.660283
-13.746191
-13.868527
-13.660830
-13.506339
-13.546785
-13.952877
-12.666097
-12.126594
-12.627493
-12.988743
-15.281070
-14.732078
-13.833694
-13.606518
-13.102600
-10.197278
-12.190182
-12.930210
-11.854805
-11.590769
-10.171556
-10.740791
-14.373934
-15.862213
-15.164358
-14.726833
-15.060856
-14.171166
-14.173363
-8.795761
-11.255939
-12.270815
-13.505185
-13.372706
-14.149285
-14.624443
-14.603534
-13.623665
-12.951174
-13.596290
-15.547620
-14.118437
-12.829639
-12.543440
-8.813191
-10.007435
-13.228211
-15.236832
-12.300519
-12.693447
-15.121668
-14.316882
-14.870960
-16.061848
-15.815788
-15.254184
-15.834230
-15.999555
-15.649110
-15.592921
-15.732569
-15.832988
-12.824428
-4.075099
-12.803005
-14.605391
-14.993495
-15.421560
-15.058622
-15.042901
-15.127844
-15.488106
-15.560780
-15.571083
-15.757098
-15.531774
-15.799109
-15.834705
-15.576043
-15.332981
-14.867897
-8.497878
14.902424
17.018004
13.949386
13.683685
14.658681
14.738313
16.338908
16.649962
17.207127
19.998170
18.585318
12.529025
11.020295
13.688505
18.535868
17.776456
12.734774
12.721297
14.070213
14.528368
13.515342
12.473193
11.618163
13.015860
11.396818
11.618381
25.209814
21.728737
21.010459
23.580466
25.623757
23.761198
29.304668
32.542675
26.184848
25.720998
25.380572
29.368655
29.673369
28.681285
28.515541
24.804589
32.919633
31.679582
33.505254
35.104150
33.412026
36.992080
11.508373
14.442180
15.738229
12.162376
11.445966
13.782698
14.320449
9.797421
14.264014
16.749096
15.269784
10.752828
9.362928
11.511763
14.081853
13.171008
14.754792
14.117101
15.412922
17.077107
14.890154
16.453855
14.410807
-12.922048
-13.655111
-15.514683
-15.439194
-16.010161
-14.965760
-14.559030
-14.704845
-15.261466
-14.991025
-15.083578
-15.516007
-13.081922
-12.227640
-12.797423
-14.526073
-15.117665
-13.651393
-15.439277
-15.988637
-15.510873
-14.963111
-15.538521
-15.971086
-15.962691
-15.737478
-15.217724
-15.457323
-15.549915
-15.160832
-15.102447
-9.520400
-12.299791
-15.076007
-15.198026
-15.626647
-16.195458
-16.177904
-15.884153
-15.970309
-15.992253
-14.525208
-13.980945
-14.757094
-15.597986
-16.219513
-9.593828
-14.323399
-15.536737
-14.907886
-15.000032
-15.836805
-15.854580
-16.000855
-16.053345
-15.814557
-15.950924
-14.805166
-13.829455
-12.532318
-14.525561
-15.677043
-16.683132
-16.718001
-17.075268
-16.860735
-16.615367
-16.730180
-16.641514
-16.209817
-16.489144
-16.075618
-16.118681
-16.199041
-16.059811
-16.093387
-16.024099
-12.909342
-14.402105
-15.935676
-16.533027
-16.562090
-15.618142
-16.125667
-16.477125
-16.458168
-16.484567
-17.168889
-16.450768
-16.303815
-16.761366
-16.620564
-16.299053
-16.023108
-16.373272
-16.491188
-16.161708
-16.098219
-16.570103
18.093619
17.942784
16.547639
18.096562
17.688823
15.659937
13.442868
13.809728
15.255155
15.977872
13.798590
11.821015
13.800625
13.364950
15.620840
14.875097
15.822227
17.368546
17.646464
14.236921
12.061708
14.136088
14.066337
12.046274
12.165098
13.780184
17.506571
18.310774
17.821554
17.169532
19.719194
18.265489
10.582014
10.755426
18.441975
17.096481
21.888472
20.797325
18.160315
20.240378
17.126197
14.794736
21.693113
21.185939
22.168267
23.044733
23.085206
24.508635
19.950063
18.868920
12.550677
10.847143
11.051137
12.944126
14.076804
17.045710
15.557903
9.603499
10.939600
17.341074
15.235902
17.827625
16.616006
16.693850
17.015614
15.801498
13.282489
15.041149
15.674633
14.807287
12.625894
11.295793
10.427642
10.519856
9.596004
-14.045344
-15.205097
-15.739659
-15.374926
-15.308884
-16.137689
-15.891794
-15.140524
-15.000727
-14.998822
-15.225010
-15.542314
-16.111211
-15.941590
-15.814969
-12.629481
-14.703867
-12.404769
-12.518460
-14.652875
-14.230670
-14.189603
-14.675542
-14.671461
-14.596015
-15.464410
-15.825489
-15.823474
-15.946386
-15.707125
-15.877238
-15.945881
-15.250344
-15.818380
-13.120208
-14.864540
-15.848636
-16.194851
-16.123602
-16.011279
-14.330622
-14.415979
-15.365318
-15.505026
-15.917403
-15.714832
-15.794689
-15.897994
-16.041560
-15.480320
-10.285791
-13.183283
-14.691721
-15.519432
-15.724157
-15.919317
-15.695135
-15.376243
-15.575350
-16.039782
-15.748006
-16.023845
-15.996771
-15.703880
-15.379432
-15.523430
-11.876185
-14.845227
-16.227633
-16.611248
-16.035444
-16.423346
-16.889552
-16.361870
-16.254452
-16.675373
-16.416688
-15.969359
-16.376642
-16.368923
-16.234766
-13.005127
-14.738136
-15.459313
-16.606568
-16.792825
-16.650598
-16.632109
-16.494316
-16.533970
-16.708029
-16.622686
-16.852388
-16.555754
-16.683342
17.676808
19.651355
17.138689
15.589706
17.328951
17.658768
16.468414
13.929734
14.356687
18.058359
16.017660
14.186836
12.458712
12.225905
15.671077
20.639046
21.925974
19.432697
17.743008
18.333783
18.084258
14.917765
18.393719
19.392110
17.682131
13.855088
13.337728
20.531988
21.352831
21.462576
23.811791
21.177242
24.046706
18.354435
19.187462
20.527715
19.061674
23.201857
26.191460
25.549680
23.102589
16.572993
18.720177
22.694146
25.080178
28.818024
24.209965
19.919331
22.529272
19.841985
16.252398
16.940524
14.821010
16.698785
17.789483
18.053060
20.022886
19.537513
12.932217
16.535022
14.312903
15.469005
14.434601
19.599469
19.879524
17.717574
13.873292
14.918961
14.160394
18.132764
18.692379
16.530723
14.125749
11.608461
11.679669
-13.040380
-14.821302
-15.788536
-15.275137
-15.244083
-14.670683
-9.337169
-9.213975
-10.813023
-9.094099
-7.803142
-12.303231
-14.042102
-15.034679
-15.690014
-16.156128
-13.299235
-12.429808
-11.467064
-11.647641
-13.368767
-14.349107
-15.190175
-15.870726
-15.819822
-15.693800
-15.936101
-11.539091
-15.331931
-15.790896
-8.554498
-5.683466
-5.188151
-11.102884
-14.129226
-15.770688
-16.718671
-16.692934
-16.642251
-16.432979
-16.534207
-9.687758
-11.792662
-11.587114
-11.617818
-13.503112
-14.988022
-14.487872
-14.996578
-15.430260
-16.085143
-14.954864
-14.897848
-16.020227
-16.113825
-16.350758
-16.037482
-15.785881
-15.820578
-11.478237
-12.989285
-13.329233
-16.191871
-16.859423
-15.015089
-14.471555
-15.663040
-16.950821
-16.868986
-16.772541
-16.803689
-16.449147
-13.725537
-12.461137
-12.879771
-13.966633
-9.208179
-11.564628
-13.697153
-14.095361
-13.955820
-14.713608
-15.619764
-14.763001
-14.429152
-15.927256
-16.481729
-15.526173
-14.466154
-13.723194
-14.511709
-15.624162
-16.807051
-16.998707
-17.196686
-16.950488
-16.441776
11.346728
13.592874
12.485583
12.407215
12.668133
11.962791
12.326030
12.617850
11.961627
11.294921
12.906848
11.903029
10.024884
10.416462
10.018914
9.811701
8.438668
10.777036
11.965544
11.207177
10.941908
10.406101
9.232831
10.690617
10.452640
12.587198
12.811141
12.015351
12.512457
10.573156
10.554495
12.664122
13.065557
16.453503
12.602674
14.642965
15.179972
15.080693
11.565492
12.518522
13.623784
9.521227
11.167140
14.155162
10.179007
12.741564
10.455772
13.325245
12.112499
12.108996
11.861673
13.234800
12.325135
14.275381
16.990885
14.556409
4.925990
5.987112
6.140656
9.630974
8.499140
6.924644
5.531017
6.176268
6.779711
8.771585
5.272380
5.577825
6.297702
6.219713
6.377034
9.520340
9.010252
6.240911
6.470760
8.507722
8.506893
7.039797
6.801641
5.411214
12.474797
13.909752
15.304187
13.035033
7.832951
9.998712
12.800511
18.861194
15.814995
13.199648
16.471366
4.656357
5.705262
3.547256
1.727219
5.802460
7.380130
5.915055
6.280192
7.082777
7.206767
6.466113
-10.489177
-8.372502
-8.875467
-13.182452
-14.013111
-13.418084
-11.011139
-10.466663
-11.774861
-12.982368
-14.908350
-13.623872
-13.324730
-13.913382
-14.117826
-11.972596
-11.920305
-9.252324
-9.703048
-14.206427
-12.279365
-6.084308
-5.494554
-9.273229
-11.087828
-13.242144
-11.161293
-10.015452
-10.489841
-13.053172
-11.003147
-9.923472
-14.108773
-14.938907
-15.183538
-15.912694
-15.361488
-15.418114
-16.154993
-16.508509
-16.718670
-16.659386
-15.273706
-14.371441
-10.323325
-13.629555
-15.020266
-15.379534
-15.221128
-15.621109
-15.515303
-15.079360
-14.453973
-14.250013
-13.261464
-13.650098
-13.071018
-13.114661
-14.237596
-15.127799
-15.637584
-15.414270
-9.075271
-12.075334
-16.033567
-16.047985
-16.325187
-16.629937
-17.103509
-17.099770
-16.379133
-15.812366
-14.667957
-14.233548
-12.145422
-12.465745
-14.633020
-13.906991
-14.463912
-7.233311
-9.775436
-14.685178
-12.916910
-13.131854
-14.526059
-12.585970
-12.791614
-15.982559
-16.042677
-15.967876
-16.098222
-16.595641
-16.882490
-16.988395
18.317024
18.576276
19.114229
15.784761
13.816150
14.138791
13.849626
14.652845
14.798148
14.388604
15.678699
15.611895
16.508880
17.034855
16.183006
16.464454
11.094998
13.783581
16.312892
18.193768
20.298554
20.639633
19.051939
21.232238
20.340375
15.400224
17.924307
17.401528
19.134692
17.858495
17.792418
16.273139
14.365227
15.412759
16.810979
19.485089
17.108569
17.644431
18.821964
18.480975
19.229621
26.555619
26.916770
23.240930
23.916428
18.018151
22.401779
24.406719
20.884277
19.566973
26.403978
26.663272
26.424173
23.730206
17.681649
22.825958
23.731881
21.959290
23.985285
26.997534
9.971446
10.647352
13.805093
13.881203
14.020481
12.053951
10.879387
12.645016
12.549630
11.261357
8.752530
7.856840
9.897980
12.256200
13.175707
11.116516
11.480187
11.457438
8.742594
9.216336
11.723400
11.340111
13.831948
15.042579
17.210690
15.465060
14.222722
14.333436
12.876019
13.016104
